眼动捕获的平均间隔（ms）
9
21
31
30
30
29
35
26
34
30
27
30
30
31
32
28
34
26
34
27
30
30
34
30
27
30
30
39
29
23
34
26
34
26
31
30
31
30
31
29
30
31
30
30
30
30
31
30
30
30
30
30
30
30
31
30
30
30
30
31
30
30
30
30
35
25
35
27
34
35
21
30
31
30
30
31
30
30
30
30
32
29
30
31
30
30
30
30
30
31
30
30
30
30
30
31
30
30
31
30
30
30
30
31
29
31
30
30
30
30
30
30
31
30
31
29
30
31
30
31
30
30
30
30
30
31
30
31
30
29
31
30
35
25
31
30
30
31
30
29
31
30
31
29
32
30
29
31
30
30
30
30
30
31
30
30
30
31
30
30
30
30
30
31
30
30
30
31
30
30
30
31
30
30
30
31
30
30
30
30
31
30
30
30
31
30
30
30
30
30
30
31
30
30
30
30
30
31
30
31
30
30
30
30
30
30
31
30
30
31
30
30
30
30
31
30
30
30
30
31
34
26
30
34
26
31
30
30
31
30
30
30
30
30
31
30
30
31
29
31
30
31
30
29
31
30
30
31
30
30
31
30
29
32
31
29
29
30
31
30
30
30
30
31
30
30
30
31
30
29
31
31
29
31
30
30
30
31
30
30
30
30
31
30
30
30
30
31
30
30
30
30
31
30
30
31
29
31
30
30
30
31
29
31
30
30
31
29
31
30
30
30
31
30
30
30
31
30
30
31
29
32
34
25
30
32
